15821162218 
13248230338 
18080537089 
13635218700 
15706804709 
13816937815 
13550036215 
15084984358 
13705741204 
15520721944 
18771104225 
13883608163 
13910279916 
18621698500 
13823237002 
18724729466 
15123873504 
13816896903 
13530523307 
13551428678 
18674061588 
13967993687 
15167668750 
13811777048 
18622433199 
13908770779 
13393982257 
18670741033 
13957056922 
18955421570 
13718839590 
13062562960 
13140811693 
18610481271 
13921908779 
18320083792 
13639966119 
15018753116 
18500135583 
18796870805 
15097656279 
13340930160 
15850733524 
18687163268 
15515953163 
13901509693 
13810760702 
13757980753 
13824763668 
18782255202 
13381666026 
13827039308 
13677249960 
13950336675 
13564478957 
15066953096 
18642297127 
18920135825 
13818664608 
13714284108 
13850579623 
13829226256 
18970089951 
13999930020 
18657854560 
13402880838 
13961839120 
15005097060 
13702189055 
18507744905 
13958719947 
15873184811 
18356506735 
15802572412 
13511210157 
13816038795 
13363950329 
13980029973 
13950225611 
18778037175 
13618859250 
13872989294 
15122448338 
15974198506 
13908187430 
15816404099 
13541642844 
13813820146 
13631412559 
15259325449 
14762723322 
15001916585 
13777575650 
13868882773 
13669822346 
18250625891 
18684822925 
13851774226 
18377446772 
15013733709 
18200132773 
18052450550 
18662082121 
13534737458 
15697629887 
18502971977 
13780016558 
13918492475 
13671756526 
13760256037 
15942305230 
13600792477 
15858106318 
13065255615 
13677357832 
13466873021 
18955561902 
13535275607 
18952200045 
13971252055 
13518004547 
18850678823 
15872336600 
15305130158 
18235131617 
13774381920 
18850586315 
13456828970 
15261175067 
18861820345 
13644944539 
18262516406 
13796057513 
15963982911 
18763702555 
18653427107 
13982266512 
18280427287 
15301317395 
13033506463 
15950767512 
15905314266 
13901604840 
13775558428 
15605930299 
13810119247 
13776382024 
13381112256 
13396341513 
18678871521 
18607768836 
18675591746 
13816370156 
18930225628 
13802055168 
18677603156 
13916032931 
13776315122 
18683498003 
13734988791 
13858822565 
13926033501 
13542940033 
18071138061 
18637985666 
18070776330 
13608310859 
13552776253 
13903394111 
18655675602 
13736478830 
13958237788 
15201201671 
18650800188 
13510802599 
13959387469 
13601563383 
13758812875 
15881805444 
15811717017 
15988398406 
13642005238 
13760557087 
13077944907 
18259367668 
18190685721 
15198911745 
15940550286 
13951588135 
15810760408 
13920882800 
18701722980 
13515547011 
15015600682 
13880400781 
18004497400 
15374001991 
13940142443 
18776771667 
15811279761 
15827358248 
18782106901 
13888044404 
18552818512 
13701917970 
13952262696 
13820998866 
13666668818 
13895798449 
15158010117 
13764721441 
13666661722 
13617308739 
13637528422 
13917909417 
13633083701 
15833141011 
15271800795 
13501633507 
15985794208 
13235632043 
18752606821 
13906390589 
13914736662 
15763372255 
13969133992 
15253192888 
13920209063 
18695607847 
13758271301 
18355191955 
13352098868 
18040117913 
13110535926 
13786151401 
18607457933 
13705706998 
18681251099 
13701756258 
13567340477 
15099032361 
13726288075 
15917408687 
13120606135 
15996645172 
15652906045 
13717636873 
13961753272 
18716044477 
13847225890 
18627736297 
18761177625 
18651863380 
13758828055 
13582625266 
13339991817 
13732077306 
13421381726 
18646025288 
15818157694 
15062852455 
13916395578 
18817570471 
13607932939 
18936329666 
13585543227 
13880921749 
13588759377 
18621934135 
15540744772 
13019763332 
15060355350 
15905072939 
18653131970 
18723087575 
13654748666 
13907720199 
18611448208 
13403133096 
13811685689 
13391154261 
15195917587 
15867155598 
18205517660 
13817399254 
13915429277 
13552277392 
15321717850 
13524095416 
15556167573 
13857170870 
18105168787 
18673602317 
15751860396 
15892025349 
18982581928 
13135960792 
13117099487 
13262629021 
13917519770 
13407180082 
13810510657 
18696969559 
13995613072 
15898330788 
13915210856 
18645921040 
18758011222 
15611070192 
15245046654 
18205282395 
15055773970 
13940362111 
13735845700 
15861673728 
15979024258 
15088553135 
13501000023 
15262307756 
13980893400 
18608026116 
13918337776 
13668061161 
13891237566 
15927305058 
15549405979 
13992869987 
15904103988 
13946074666 
13968642118 
15840652243 
15904613545 
15138783369 
13928491919 
18627964755 
18185300178 
18633259091 
13998536601 
13425330860 
13913018819 
13810092259 
13891996856 
15801053077 
15601370741 
13008285858 
13161954099 
13666043567 
18914011796 
15285566647 
18685052675 
15925189990 
13331191831 
15920114812 
13386284386 
18609315994 
18858339332 
13716258317 
18611643854 
15102802595 
13540394077 
18795932681 
13564121696 
13813952766 
13959255650 
15256985355 
15901282772 
13234943000 
13249635216 
13697356327 
18050659919 
15110338886 
15940338888 
15661065042 
18618432095 
18405318906 
13951660777 
13701923729 
15026699123 
15294397775 
13812269019 
18930934622 
15653515000 
13671631892 
15221763909 
13862033374 
15972093471 
13862663211 
15926612337 
18620023509 
13182097812 
15021626649 
13908018324 
15105615192 
13726592690 
18608251970 
15196090655 
13683700305 
15842512989 
13737130851 
13787101096 
18014934754 
18664774026 
18911679122 
15210899927 
13829690169 
13836260293 
13914093113 
13951871826 

15000637042 
15335895900 
18110909375 
18269024855 
13777892754 
13915601565 
18684684460 
18601645959 
13415892995 
13726502868 
18637098777 
15803512699 
18314599586 
13458927459 
18810757988 
13795239795 
13867950692 
13916632217 
18367818230 
13764916721 
13675459506 
15314633344 
18602027976 
13986250890 
13792905600 
15935577976 
18687296447 
13632331682 
13162513576 
18784141323 
13099482900 
13476233990 
15921002088 
13631440965 
15024446675 
13764652970 
13803719503 
15210596014 
13715754096 
13942639832 
13031408719 
13527479375 
15574395735 
13601100341 
18096006919 
13264717774 
13184343607 
13916316012 
13370235089 
13455133002 
15867109465 
13661819862 
18680360167 
18650107291 
18971096193 
18662435267 
18711623325 
18381680702 
13957745768 
13665962644 
13063277777 
18616571193 
18223959990 
18739006190 
15071100009 
18926088061 
13668045767 
18677103384 
18736036990 
13621504857 
18696882121 
15951019852 
13917252710 
18768011754 
15977437205 
13861260160 
15020022456 
15183200001 
13918364378 
13818606788 
13065018286 
18256165903 
13665413317 
18305618502 
13764292709 
13764584645 
15949207175 
13584062313 
13057500054 
15895395516 
13665150807 
18600705595 
13950212160 
15966697771 
15233369199 
13392925278 
13964765002 
13726854890 
13869059502 
15659262583 
18235134536 
15606008165 
15836232968 
15893388284 
15266504252 
15253852221 
13815166724 
18736307778 
13675475556 
13504995261 
13817008704 
15137127773 
13957398883 
13787205118 
13569520991 
13506669455 
18358515791 
13345636596 
13467717058 
13979592915 
15510301704 
13585888887 
13911299125 
13858095656 
15659932275 
18559991646 
15842484737 
13631282104 
13727087852 
15671315507 
15952979898 
18650638991 
13853367213 
18913547876 
13212662333 
18612056915 
18819476959 
18605725077 
18623014525 
13816978957 
15088702077 
18982512325 
15821401443 
13992002353 
13678005988 
13865368881 
13424421625 
18982475333 
13892555288 
15172413730 
13166098752 
15100510111 
18922063373 
15973238893 
13330983909 
13003606288 
13810297694 
13406907777 
15961024822 
18691091434 
13003229625 
13759157809 
18692954834 
13848659073 
18583685119 
13891927549 
13599119227 
13601190677 
13811982024 
13575733946 
15195194651 
15556897820 
18710101769 
13110827170 
13998496560 
18678143505 
18661698783 
15105274498 
13738617850 
18601192475 
18511575101 
13630139121 
13699380986 
15261167058 
15811193623 
13731876952 
13615292132 
18616138090 
13871550457 
15618499066 
18670011131 
13517800510 
15884455831 
13069096690 
13855506656 
13627128646 
15827770535 
15883690630 
18273804061 
13897406360 
13641580809 
15904197172 
13957389261 
18709243788 
13072008059 
13203134322 
13750871545 
13482277642 
18932393979 
18697149846 
13702527808 
18652006078 
13574821058 
13816740674 
13418523016 
18056452553 
13817737675 
13506194909 
13260279720 
13584617968 
13001353836 
13488664036 
13671875336 
13803502991 
18817842882 
15621118977 
13983395160 
18566425541 
13916362797 
18858102653 
13450212261 
13957595309 
13604622577 
15195995509 
15040737609 
18621118421 
18231113003 
15015162512 
13678175793 
15155388006 
15301551378 
13880800916 
15808903355 
13918914497 
13517392711 
13428780787 
18625422288 
13480228801 
13625258657 
15251718520 
15088562509 
13847345141 
18951863623 
15901284309 
13972164555 
13122346001 
13957106088 
13817992992 
15962653659 
18202769877 
13507338911 
18768514889 
15838373257 
13508379327 
13721182115 
18638904193 
13798150611 
13860469590 
15997969505 
13817571890 
18652053248 
18968196383 
15805901728 
13630234204 
15151865537 
15903953456 
13760359822 
13990105376 
13917677558 
15191788269 
13166215258 
18213040280 
13776266986 
13866125550 
13880387389 
13929448565 
15000423049 
13717025878 
18722199218 
13651501010 
15901768505 
18627740191 
18388195981 
13042437808 
13916654765 
15232770470 
15929565600 
13104239920 
15067444089 
13990625663 
13689207155 
15899821118 
13600626760 
13524571911 
13601908625 
13689793450 
13965234876 
13834679992 
15030449990 
18647711411 
15820506231 
15216777405 
13548965987 
13528112885 
18137804153 
18861304310 
18974780711 
15257796560 
13650881463 
18280430373 
18990308001 
15831935368 
13661436250 
13634129158 
13173910710 
18182211101 
18609298078 
13501771456 
15061087489 
15005041220 
15996588604 
13242943191 
18601378877 
18511679227 
18018200222 
18305188986 
18602184606 
18705192966 
15267021991 
18893129370 
13119627905 
13951171888 
18268115881 
18698553327 
13917784291 
13730693661 
18620452270 
13916130516 
18072971067 
13568878052 
13991331273 
18671725353 
18627845948 
15271947131 
13822856528 
15988768816 
13570472620 
18913860515 
15957148187 
13907106121 
15712660106 
13992365932 
13805094301 
15967171217 
13824479728 
13980698483 
18267761367 
18688767088 
13674685979 
18652276377 
15029403558 
18868816095 
15051252656 
15140571719 
13913203832 
15094094587 
18692547066 
13959236118 
13981192875 
15802515510 
15882167003 
13916538962 
13802903337 
18825227789 
15860418180 
15906405115 
13173139699 
13951941310 
13580524084 
13995680236 
18277186868 
13663850437 
13968126886 
13701580870 
13764427920 
18650326811 
13984150629 
13072472828 
13787232927 
15900795751 
18684669126 
18817362552 
15952025465 
18672382210 
18375329558 
15857981760 
18210528152 
15606104633 
13599030071 
13861353555 
15025182735 
18922537464 
13958082432 
18587003510 
18761720355 
13401167177 
15921039567 
15237425091 
15000800598 
18651981240 
15948289895 
18667822225 
13061672686 
15215416038 
13874790909 
13842870805 
13807200609 
13560430596 
13980777183 
13911919606 
15117954687 
13516836925 
13809554226 
13193353320 
18622955628 
13711262354 
15825270075 
18608920079 
18353623082 
13466328156 
13781252177 
15190731885 
18687921528 
18689925254 
13791992091 
13588707255 
13677362849 
18670393142 
18302124307 
15262452986 
18902899143 
15700061399 
13887209960 
18985182320 
13406266915 
13797069400 
13886224622 
13980772297 
13758808089 
18904122209 
15852130673 
15258866102 
13501106335 
13525525037 
13601985031 
18606611321 
15950438692 
13808035886 
13453203376 
18678798668 
18651000204 
15344125600 
13555606142 
18817937923 
13601767671 
13515890393 
15008006796 
18353529925 
13701846591 
13815875698 
13971621722 
13651871687 
18245013686 
18703835577 
13898107347 
13832777777 
15116235550 
15595969149 
15010509337 
13307295656 
13826092819 
13641823048 
13771440273 
15967805267 
15678109855 
18612032113 
18974829799 
18616670330 
18757399742 
18702106324 
18870085524 
13018008836 
13965222522 
18918160569 
18612081177 
13898376744 
18628038883 
15821555023 
15196616929 
13958026850 
15999566713 
13916209828 
13920548962 
13681464446 
13518173917 
13859419269 
18621336920 
18694094312 
18660832335 
18201227037 
18710026252 
13885107610 
13146474674 
13790212733 
13821107907 
13601674070 
15868167515 
13843410605 
13962314300 
18978193555 
15087095183 
18271393213 
18581840765 
13615750038 
13901184328 
15084956823 
18810767086 
13666667126 
18263652752 
13893227590 
13511005432 
13818497502 
13635220721 
18686662693 
15800854072 
15371032320 
13050352936 
18747975201 
13801744878 
13850883680 
15222538871 
18955191494 
18653562177 
18106252588 
18686856767 
13713419987 
15894116358 
15609681923 
13479465567 
13942618213 
13967337562 
13826931304 
13951766982 
15862159103 
15192011807 
15517782957 
13995281339 
13514361905 
13655719512 
15998669792 
18331928267 
18704277890 
13761223232 
13704706992 
18083990866 
18621855712 
13837715205 
13802194426 
13937625071 
18611330910 
13917888427 
13801603851 
13708010242 
13850090141 
18067938211 
15898901808 
15622773084 
13621864312 
13709159299 
15509298222 
18311435525 
14718150186 
18319135871 
13671337082 
18094001151 
15891988722 
15252621043 
15157937592 
18221400298 
18665598853 
13560013792 
18627106786 
13603188216 
15106021551 
15205740101 
15720625117 
15189710982 
14785780909 
18005255789 
13771889892 
15999172418 
15841479669 
15858155558 
15299693263 
13849365305 
15090435557 
13897990242 
18237909605 
13049057106 
13667803400 
18357874553 
15151918332 
18625990468 
13541333330 
13967165987 
13857222565 
13608412999 
18961323818 
15000178157 
18616609681 
15863170525 
15995838217 
18610016586 
13615310359 
18668092642 
13817933546 
13917629288 
13601648637 
15182615059 
13816951841 
18002451888 
13810079384 
18651887884 
15000680852 
13980041535 
15252643138 
13818830681 
15690800005 
15208148709 
15002140405 
13458509479 
15766316063 
18390825987 
15595967762 
15160189988 
15061647307 
13962990859 
15810855064 
13477746644 
13770790572 
13085410739 
13906834551 
15873507718 
15521141761 
18691979570 
18616138577 
13884450003 
13972730868 
13971015866 
15820206813 
18337180257 
18934670689 
15349232168 
13725529187 
13835061909 
15868231190 
13540661030 
18652042269 
15813135099 
15607677711 
15116902873 
13933030441 
13910920626 
18758874585 
18621563017 
18018506181 
15079274421 
13812852275 
18951088192 
13536427789 
18538999138 
15181099188 
18601289608 
13609009188 
13671788492 
15982359304 
13751585088 
13910845582 
18983080040 
15055509826 
15804723618 
13350311179 
15282023777 
18278151125 
18631607697 
13554261024 
15881108972 
15018701345 
18105320880 
18702605546 
13563432222 
18661071032 
13883251984 
13518035258 
18635923991 
13679296188 
13964282555 
13893499490 
15115626990 
18702333400 
15076612777 
13962396616 
18717307269 
18761085861 
18682638696 
18639917218 
13731423334 
15727512086 
15901821357 
13563659425 
15858215446 
13715835925 
18612584585 
13560001467 
13825456253 
13757494279 
18676935788 
13567881325 
15117734741 
13535178758 
15992664959 
18768128906 
18616275801 
13703987628 
18507720901 
18974156086 
13555865593 
15940065017 
13937761622 
18823183294 
13766143789 
13460527127 
15169140245 
13611669525 
18521300100 
13694322135 
13826901701 
18259819208 
13807984116 
15800820078 
13513513195 
15005014451 
13333167070 
13321822609 
18654526297 
18616857889 
13451943884 
13771908101 
13989088686 
18645043100 
13329628185 
15237921023 
18029861115 
13916695198 
13458557651 
15061977967 
13908928184 
15277600709 
13450455657 
13924672893 
15181669393 
13671839600 
13755170287 
13701175207 
18868661042 
15251743003 
13042608478 
13817804597 
18502689383 
13821921565 
13998804067 
13901056180 
13237132268 
15366240526 
13917207480 
13698980864 
15264241777 
18297802097 
13787072749 
13878859695 
13233697693 
15076786132 
15515598022 
15319779900 
13794058372 
18107555819 
15109577032 
13584879650 
18015501506 
13588457936 
13810216881 
15998102237 
13666160376 
13055371199 
15058784261 
18601220633 
13550137519 
13998212393 
13886588000 
18982222562 
18850228006 
13801275627 
13018900339 
18817875490 
13910662774 
18673778818 
13771668501 
15207180630 
18250997662 
13979132532 
13787770077 
18999184260 
13483325188 
15081211858 
13777779916 
18728967022 
13995567798 
18777300526 
13992492322 
13862337791 
15927020835 
15507466088 
13519825133 
18876357631 
13572538817 
13305658284 
18028081898 
13663850359 
13422563474 
13829126362 
18260322655 
18685116979 
18949810386 
15305110825 
13922363215 
15900221200 
18860469669 
18720980861 
18770043900 
15987996850 
15122257135 
18261065950 
13615717728 
18911989694 
15001373192 
13004428882 
15931089012 
15011488872 
13641609736 
13965112257 
13516830011 
13947273663 
18627107966 
15882120822 
18601322012 
13771405830 
13683229927 
15135115085 
13776867356 
13359146431 
13850759022 
13489843783 
13826478587 
15888003880 
15842794977 
18603513623 
13585722303 
18990310410 
13946365799 
15862233073 
13808201064 
13584547339 
13631642346 
13868495056 
13756294056 
13737076721 
13971123374 
13504840218 
18714746936 
15210012742 
15553801003 
13775254161 
18261731705 
13918012557 
85366547057 
18941169730 
18261685215 
15800817818 
13834601778 
15872895188 
18252713733 
18808966567 
13768693381 
18637185697 
18601938627 
18761169320 
13799922957 
15017931172 
18628258833 
13797717454 
13757386510 
18755445974 
13391326500 
15913393658 
13232584789 
15686116053 
15022230353 
18818213931 
15295195930 
13636321879 
13603323399 
15957864002 
13517830097 
13811090499 
13625851326 
13424165823 
13729015620 
13512983027 
15267207006 
18883370173 
13705706039 
18709016666 
15643430361 
13355551397 
18608163132 
13970288374 
15173177908 
13852131990 
15999115666 
15276211391 
13764367591 
13512996620 
13099326858 
13816371763 
13851508997 
18066905796 
15056469552 
18686371988 
13578681629 
13807388100 
13486449150 
13701736113 
13915251240 
13816638998 
18050624047 
18666092327 
13856672226 
15569379777 
13590106134 
13909539609 
18664701661 
18714183008 
13936310595 
15054270563 
15210916818 
18202758200 
13724115974 
13816232066 
13720751361 
15677026208 
18328733050 
15818320008 
13917471201 
15591711935 
18674882698 
13675853226 
18086018858 
13882291656 
18220800710 
15828131590 
13940281765 
13215913460 
13632438284 
18052891760 
18627011645 
15713827433 
13503646438 
13816533595 
13121988895 
18758261474 
13861733853 
13937821075 
13667265873 
13558909100 
13707145777 
13648906640 
13971373162 
18833877700 
15203819803 
18699116673 
13656636793 
13820319457 
15810989977 
18502394028 
13755133596 
18755273827 
13874963922 
15156687001 
13424264468 
13815659537 
18639660246 
13605706511 
13910853657 
13311068239 
15055473339 
18051982009 
15121060255 
18848953115 
13584667269 
18607077647 
18228555008 
15104420922 
15343541888 
15700094827 
13872814045 
13812048121 
15044650300 
13505803989 
13770926970 
18679670705 
13619168932 
18559991315 
18258210313 
18037318713 
13486101097 
15655271108 
13560163432 
15123298655 
15820241973 
13901873793 
13615816072 
13656552158 
18221182851 
13943600236 
13992821150 
18602802241 
15142386525 
13837357288 
15900780407 
18257124290 
15850230909 
13956500058 
15901252571 
13424766942 
15332425276 
18702746748 
15116363037 
13591119901 
15993937707 
13996212850 
13915298313 
18646552994 
13668965186 
18579103295 
15755251688 
15979129722 
15888822901 
13738384441 
15338500511 
18072190092 
18862130453 
13319801973 
13952235271 
13651918649 
18651886605 
13813588896 
13626272757 
15661510912 
18353125230 
18611704102 
18850540871 
15904169906 
15000497141 
18396810922 
18765912716 
15026692368 
13019218669 
13901043616 
15924180567 
13818269584 
15162768311 
13518790355 
15937935649 
18688047892 
13105126336 
15900764372 
13580546486 
13301971973 
18805751528 
18018980545 
15858602222 
13861063008 
15855166114 
18605515454 
18758377786 
18502083738 
18601686630 
18868551228 
18230953999 
13628609248 
18910631853 
18012471816 
18580876230 
18645997250 
13647165055 
13611893195 
15874887307 
13811675635 
13457177547 
15662331678 
13477146789 
15680059116 
15863447537 
13914725626 
13956912016 
13665021590 
13542084851 
13771774959 
13762481010 
15375279456 
13891889041 
18501132732 
13597000094 
13450222123 
18602530496 
13814673502 
13642667433 
15855962632 
13774272867 
15605525128 
15886867635 
13917240212 
15543475189 
13855289090 
13503145446 
13771118177 
13851736524 
18502115256 
15326628881 
18270716923 
15353558161 
15895103666 
13013880615 
15983834827 
13868376043 
13565990985 
15827729115 
18622536753 
18700834280 
15819978117 
13405318323 
15665434010 
14759104178 
18537608656 
13486660461 
15366032472 
18381671165 
13621961231 
13757159221 
13908737301 
18520452544 
13824228616 
13980795507 
15801853198 
13699129522 
13911283127 
15813385477 
13567898723 
13979366600 
18753042963 
13804870199 
18672029300 
18907835388 
13524882583 
18679439096 
13764733725 
18283000002 
13653980041 
13585669867 
13609916591 
15889799911 
13570958281 
15595074963 
13975843653 
15222044423 
15335010218 
13361717585 
18317045724 
13132626516 
15162730966 
15830679169 
13786219950 
18685071990 
15876442669 
18674005231 
18107332696 
18903072065 
13868430205 
13696837911 
15979477958 
18638367572 
15180855278 
13672680804 
13867309158 
18310971120 
15007193929 
13860147737 
13658419605 
18604526897 
13801197537 
13878666767 
18504175367 
13707477765 
18784237201 
18621750005 
13988252206 
18628240630 
13099050288 
18717301777 
13515818341 
15952864099 
18664621312 
15172348509 
13975275696 
13861339565 
13642208555 
15973331992 
15185985888 
18652031516 
15538870798 
15284425426 
18262280602 
18801793879 
15065238668 
13426737771 
15982117618 
18603790303 
18765852561 
13701702063 
18516101711 
18888700900 
18611297448 
13893199904 
15201395409 
13818924024 
13681753011 
18695016948 
18615207792 
15935758185 
18605240196 
15810963093 
13151587605 
15207705600 
13906242268 
18769769811 
13812781676 
18671907520 
15316188868 
18659716908 
15924444477 
15651663331 
13540624117 
13855581118 
13859690286 
13604368996 
13837606182 
13704401825 
13816019172 
13641664555 
15904620849 
18621032926 
13368529650 
15867777906 
13883132646 
13518928585 
13292080336 
13550058527 
18817311729 
13720288345 
18301579798 
13122811865 
13989077057 
15920036500 
18669079311 
15579453807 
15957566889 
15296644102 
15229222425 
13829011267 
15067629963 
13980055340 
13926549111 
13781298306 
13506996573 
15050130154 
18960553988 
13708002246 
15036452357 
18853733727 
13771591773 
13459833532 
15801420040 
13818196381 
18665735383 
15632333889 
13570302425 
13759116114 
18130328326 
13920455121 
13761552802 
13385836113 
13510228001 
13761270998 
15000880344 
13645699395 
18508128022 
15939915935 
18605921851 
13167025377 
15991923070 
13946070446 
13198889966 
13120881008 
18911524627 
13820818092 
13758693787 
13975070055 
13560422851 
13912576096 
15008182095 
18608505566 
13098385550 
13799225595 
15604520666 
13946043534 
13818219477 
13816946303 
18635708939 
18707188619 
18652097011 
15056996550 
15139135491 
13500000000 
13951671605 
15738821599 
13186145007 
15224068583 
13936422139 
18782952572 
18258769458 
13311282023 
13587991251 
15251758812 
13916698154 
15002148387 
15278418893 
13888836160 
13688058608 
13529205018 
18962517427 
13995090371 
13688319898 
15051433807 
13771108989 
13575356890 
13126666173 
13257270516 
13818774299 
15249292341 
18645354814 
13585708957 
13818658562 
13580579825 
13865800566 
13918081831 
13606546053 
15881503060 
15988253755 
15980553121 
18537761600 
18845116606 
13261780171 
18641112261 
15917728676 
13722207625 
15616453341 
13765116140 
13935829313 
13481001616 
18625512119 
18609941353 
13644974660 
13199245353 
13844993423 
18686778678 
13533633280 
18005744629 
18251907703 
18776214455 
13631217662 
15851269892 
15847313338 
18918500029 
15996939993 
13759952289 
13585560636 
13055501183 
18033389171 
15246864433 
13916736516 
15136230631 
13806046829 
15298368693 
13735819454 
13877243607 
15931008788 
15207711616 
15990616239 
13878182554 
13916018207 
13962199592 
13918713639 
13566550596 
13681688500 
15392194000 
13275798109 
15622203809 
18711758079 
18818206630 
13430066195 
18405814169 
13917828903 
13671925987 
15861879321 
15181333490 
15952865182 
13807759596 
13618363057 
13439369255 
18221564912 
13429885975 
15900940870 
15145066950 
13803957069 
15052555504 
13159442799 
15060708387 
15057858607 
18362788210 
15927720095 
13719593561 
18825074670 
13437528368 
18793196252 
15600122817 
18770133000 
13386156789 
13581780053 
15099599557 
15151886362 
13883978332 
18771122705 
13916178028 
15024521814 
13813662062 
18674852310 
15876713354 
18691528902 
13949402410 
15201080068 
13943682848 
13723730206 
13776333697 
13795498928 
13817036083 
18988836636 
18651220440 
18800188960 
13566608901 
15800796067 
15697614182 
13524277883 
18365004577 
13056562158 
13405016090 
15278713962 
18351116521 
13505149777 
18668086688 
13699072333 
13521628894 
13567182698 
18728337433 
13890877771 
13678801052 
13843372006 
15182530277 
13508672480 
13588000177 
18624420582 
13075006937 
15824396757 
13557724319 
13638025392 
13057027988 
13162164810 
13587622241 
15972190356 
13229386846 
13692927498 
18665713631 
18352332203 
18798053097 
18276349777 
18668178266 
15913121998 
15060606732 
13978040512 
13832085666 
15901775228 
13520786899 
13426045061 
13506236807 
15155160237 
15898889585 
13999801220 
18855550888 
18692699915 
18666335184 
18676121991 
15738970611 
18279264636 
15903441515 
13586256899 
13817269079 
13886956177 
13477466119 
18657263199 
15766787330 
18756220601 
15226637251 
15760908808 
13958029819 
15052966150 
15110024210 
18096551688 
18956429394 
15305170061 
15805770830 
15880780896 
13481057399 
13911007809 
13162780350 
18197516166 
18658504688 
15990008885 
13567479418 
13631773750 
15388683506 
15011234812 
18361312160 
13789439819 
18351978256 
15100287855 
15540879489 
18604889559 
15006080193 
13690197447 
13308526601 
15005266521 
13977223671 
13666273131 
13641667052 
15968201591 
15123907360 
15107165435 
13258512267 
13857180868 
18580713554 
15162657234 
18792880830 
15840683075 
18602894962 
13952793493 
13958020902 
13464074442 
13540875567 
15753962632 
18702851662 
13914967575 
15201923547 
15608354501 
18237913902 
18856465688 
15909415698 
13671373794 
13777449010 
13945069111 
13522689166 
15917307873 
15070033637 
18661745801 
15766301930 
18602728112 
15011551082 
13771683211 
13089115317 
13905694710 
15335853979 
13816031114 
15823352190 
15871443146 
13810622879 
18607000161 
15013777375 
15195919055 
15262163811 
18240886579 
18313098288 
18692246380 
13665252025 
18883265081 
15651451627 
18265811181 
13639216420 
13923646662 
15140748222 
13502250440 
13316777779 
18616022093 
15369628168 
15004014246 
18666007622 
13792436858 
15026833302 
13981758333 
13762294133 
18903514009 
13008322670 
18622300149 
13598355963 
18260890520 
18007786231 
15803102599 
13720094065 
15261473368 
13850199962 
13787137666 
15728044228 
15159504500 
13856211190 
15040105862 
18796696518 
18662148009 
13585550905 
15620959722 
15623060518 
15504316778 
13546725588 
18607262880 
18607727321 
13632857713 
15060606940 
13793536198 
15238203388 
13751545596 
13977323022 
15563820155 
15013231707 
13937958602 
13585918887 
18711707998 
18770002957 
18810374707 
13861301037 
18659225100 
18689501022 
15033560357 
18637133169 
15042222200 
13801824895 
13621801137 
13828082463 
15205183737 
15221229905 
15927509414 
13905053110 
18652036755 
15715556227 
18842724608 
13517297425 
15258012173 
13583300590 
13965109062 
13358192320 
13991602662 
13792787978 
15113806589 
15916578316 
15850469233 
15900934943 
13548556926 
13786509505 
13971186907 
15221798619 
13918848939 
18689500242 
18615725155 
15986763676 
15920289438 
15177108559 
13825508829 
18686498773 
13881906439 
13863148808 
15967341232 
13641892291 
18270915285 
13141111320 
15067266351 
18740422224 
15948773056 
15914875658 
13807720214 
15692381112 
15179189073 
18889881088 
15920177856 
18258770635 
18673521996 
15071774005 
18632155981 
15242803222 
18651801914 
15880541917 
15914325608 
15270359801 
18602108619 
13723433053 
13511615676 
13874802902 
18602031656 
15202819064 
13807189933 
18701950212 
18235220888 
18711315109 
13888844949 
13818150513 
18247732583 
15895921781 
15901120724 
15842452066 
13373696946 
13762903230 
13901743793 
15855998773 
18688696602 
18815285797 
13867587594 
15861117503 
15210605817 
18618372938 
13816018279 
18408220763 
13918116623 
15802947750 
18790255805 
18621586758 
13422779953 
15623574992 
13053060295 
13534733227 
13486737060 
13609559880 
15574802909 
18642016998 
15208265719 
13650989327 
13828038312 
13923720777 
13788914405 
15364339300 
18669483782 
13519977637 
15850538969 
15018944474 
13861173588 
13961614022 
13815953655 
18267726327 
13666084178 
18920972290 
13500225844 
13613600688 
13834211470 
18307338585 
15611393373 
15814633410 
15895884504 
18658411115 
15504037982 
15607710177 
15052967069 
13601888453 
13681633307 
18981038284 
13850771751 
18850340131 
15339185534 
13781819281 
13761859252 
15888258388 
13730683321 
15919619392 
18862111040 
13944520928 
13918840029 
18302099085 
18060377799 
15026942427 
15881542876 
15725784680 
18846793316 
15708451194 
13850549939 
13772385731 
18817391779 
13770558157 
13699442330 
13431540633 
18608001906 
18721239512 
13962516627 
13985309493 
13005000166 
13826770368 
15272628400 
18612877910 
13670236893 
15318777822 
18971409529 
13944460067 
13975817840 
18319606604 
13862084533 
13118077267 
13976510226 
18662882104 
15195024747 
15058660456 
18628921360 
15272824350 
18269112389 
15327540088 
13922991210 
13259430822 
13675128463 
13761785461 
18664818260 
13860173530 
15312707058 
13761244418 
18046016692 
15927890000 
15011377131 
13757194303 
13811968906 
13811444561 
13801109577 
15958163034 
13706806879 
18923931897 
13589585728 
15000815808 
15022671662 
18669039596 
13843378569 
13581699324 
13811176485 
15826806095 
18684728572 
13071011988 
13312660371 
18888050206 
13716884500 
13980940890 
15051323330 
13551843774 
15158114524 
18633356690 
18643142449 
13606631617 
18585024536 
13905002972 
13511762922 
13823826665 
13980810176 
13860437662 
15830563530 
13874433589 
13056956272 
18971388100 
13382415951 
13936493725 
15806599010 
13773206848 
15857650635 
18221781980 
13559080607 
18673584585 
15828150672 
13405117702 
13617616312 
13810735473 
13732547835 
13801051886 
13461747527 
13923813365 
13757149598 
15820441817 
13512340169 
13699277046 
18270727955 
15079339693 
13908884087 
15648085816 
13736700626 
13574184545 
15618889220 
18245750111 
13605599121 
13916483553 
18699330314 
13982128818 
15737171387 
15135518566 
13761717016 
15087888808 
15271064336 
15190255565 
15995228383 
13581509820 
13881513311 
13981607233 
13976837762 
13915994811 
18972518222 
18603077637 
13825181831 
15801855905 
13685459466 
13758139117 
13810198037 
15822266297 
13511357696 
13062588833 
15184759559 
13830936918 
18608000370 
18607140398 
13668062811 
13822143357 
13372418855 
13799165359 
13501375007 
15928199128 
13552160035 
18744522273 
18611144497 
18669046678 
13917186322 
13043531592 
18623848189 
13687193046 
18666229238 
13755683703 
13505497362 
15240520775 
13707083198 
15828511036 
15824198484 
18850157753 
15984537585 
15088358818 
13918029776 
13918295182 
13714740522 
13143332623 
13827850282 
18502125230 
18601652984 
13960792077 
13758260335 
18608009675 
15989610476 
15150787893 
18708728199 
15370552696 
13901601200 
13817003718 
13929100021 
15800900608 
15335271087 
18789092126 
18227972217 
18761726696 
13566242227 
13901694841 
13524679399 
18621668290 
15813747160 
13661577173 
15900282546 
13122537627 
18643371778 
15618595750 
13075668092 
13764001129 
13901705116 
15316775326 
15021984015 
15102885390 
18639799223 
18930611405 
13681919191 
13585538870 
13564575254 
15057096737 
13701953770 
13726315712 
15398601236 
18356281830 
13518179397 
13816977439 
15828592050 
13438098990 
13450531474 
13405113410 
13321602282 
18084350916 
13616264889 
15129039416 
15925638180 
15120059533 
18512338659 
13917617853 
18688000990 
15955170660 
18097555765 
13162995937 
15805726777 
15901998864 
18616374587 
13701768055 
18637417600 
13763379162 
18608008277 
13671569713 
13710208812 
18659950733 
13898606414 
13892159245 
13834682848 
18758277393 
18685167428 
15855142698 
13162563232 
18734917502 
15545280909 
18277738003 
13601054943 
15153208602 
15859263357 
18913174686 
13844200918 
13918875538 
13705974010 
13795600606 
15373125039 
18746234908 
15056052268 
13525514281 
13816002079 
15605700105 
18993959255 
13804600833 
13767964380 
15821749152 
18604944227 
13717923917 
15801549517 
18992091129 
15832582067 
13982197392 
13050696004 
15835319922 
18857201085 
15257941365 
18689536122 
13428254360 
15150536368 
13965072703 
13028834934 
18605327960 
15554380826 
13500269639 
18955589979 
13983620610 
13988790168 
13850335855 
13904599349 
13817376737 
13952033033 
15029027978 
13634106303 
13415510190 
18659741588 
18217414637 
18601602291 
18623056312 
15280683236 
13759380332 
15659898408 
18506419158 
13989931654 
18206158777 
18017688467 
15051088566 
13796619931 
13761372130 
13916179057 
18661729616 
13617829555 
13902948615 
15097682771 
13681890917 
15199102305 
18651883822 
13980996867 
15906654507 
18033896155 
13659708108 
13689197511 
15993629020 
15680558888 
15038078266 
13654218327 
13728163768 
15900105254 
13548015505 
15150082685 
15713569888 
13637461678 
15114120343 
13951171126 
15034098998 
15093832398 
13600363722 
13874831858 
13286135036 
18509998066 
18583297903 
15099943295 
18628272067 
13882212069 
15809972180 
13911048397 
13584705778 
15070022010 
18226763711 
15270366734 
18259100655 
13990213307 
18602913161 
13504256899 
18955397576 
18911688026 
15118841453 
13201832832 
18307211853 
13425172064 
13918920911 
18662214877 
18638480678 
15632115384 
18692207992 
13780710216 
13993496158 
13771855281 
13802422061 
13817120707 
13838279206 
13457684602 
13999924516 
18910071265 
15980225592 
13884497984 
18110659000 
13795283147 
15250864991 
18303406168 
13967445356 
15305139811 
13035546686 
15123318052 
15900565473 
18651903132 
13934399813 
18771302597 
15900733695 
15922678387 
18709803512 
15967352506 
18523318923 
13835112204 
13588799781 
15858282853 
13544211234 
15920390961 
15122619670 
18367383820 
13590056654 
15851057285 
13929842398 
13757255266 
13655256775 
18241495259 
13838303911 
18817677055 
13832116072 
13480308438 
13844440106 
13821048895 
15000959719 
13922403934 
13783956198 
13796059943 
18208579111 
15928077489 
15811009162 
18692814832 
13532668122 
15635996543 
13907234493 
13623629421 
13381429011 
13974939492 
13736843434 
18907553885 
13515460752 
13160657651 
13918454555 
13906677280 
13811668105 
18698095059 
13521674221 
18819910222 
15397808447 
15305535788 
13486691613 
13906166432 
15172029030 
13704062693 
13929994101 
13941452566 
13227650111 
18084886189 
13637523977 
15278793575 
18782238595 
15303771515 
18711335107 
15855806699 
18285152251 
13818229349 
13852231991 
18653448027 
18512361291 
13636457017 
13868853002 
13685089160 
13269628100 
18610038214 
18957460255 
18858740550 
18253378064 
13981133222 
13903609491 
18600069811 
15901200927 
15657475295 
18659161025 
13880779111 
18671720220 
13699299293 
15982226727 
15954079225 
15833930531 
15810027081 
13611790736 
18362799701 
13816237475 
13868055383 
15941430328 
15997501101 
18036090704 
13102876484 
13885156373 
18643259737 
15325468222 
13554432611 
18620099883 
13582639998 
18653517106 
13811106535 
13841992348 
13916515500 
15262858670 
13892699568 
18784021230 
15900641826 
18256631428 
18820035748 
13524270520 
13817185328 
13915301782 
18224509881 
15524330107 
15630522656 
18818224669 
13816701234 
13991138614 
15164206979 
15663339968 
13439830618 
15343500242 
15594867327 
13020032902 
18503127919 
15009376066 
15207053553 
13903348840 
13893731855 
18631638888 
13757807266 
13915529707 
13915328196 
13323225069 
13702091745 
13466830689 
13794856664 
18960797922 
13997580668 
15015565221 
15999622861 
13331959631 
13816869147 
13974008463 
13655883616 
13547011676 
15000654659 
13918195677 
13721134333 
13817875736 
13920939658 
13720079708 
13472771535 
13596615373 
18936978582 
13806019802 
15547628106 
13810806843 
13904713852 
13584863741 
13476220196 
15013693968 
13501971044 
15205858864 
13295515476 
13941130290 
15698898966 
18918265963 
15555104589 
13917486747 
13590496916 
18626429475 
15922973336 
13967961705 
15801923477 
15902046041 
13275371696 
15312173656 
15563860777 
13975155139 
18662723730 
13814472121 
13916480026 
13605137168 
13535045367 
13830869008 
18802675452 
13732488986 
18672628196 
15862822527 
13777302229 
13512588853 
18721166973 
18930560797 
18721811229 
13621959320 
13915321064 
15055179377 
13819818599 
15817655336 
15681167777 
15928981092 
13914203118 
13946902348 
13916818200 
13958737348 
13709511787 
13519849988 
13926283962 
13899940663 
13818755703 
18662511566 
18698177188 
18734912290 
18390965199 
15116423010 
13836654093 
13601930883 
18668483187 
18675422910 
15941913843 
18684004040 
13127680365 
15904153555 
18600240621 
13386092103 
18655387730 
18740374332 
13761702094 
15927245303 
15017590852 
18362396546 
13570456013 
18618148827 
15188312963 
13962605220 
13998125557 
13003177683 
15005992819 
13524430895 
15108197558 
18523805908 
13975654969 
15903362618 
13967563696 
13974916326 
13917747030 
13761181855 
18328138138 
15828225515 
18905908479 
13115207779 
13621803214 
15707580415 
13585327101 
15586199929 
18684828006 
13518048164 
13968833472 
13989629910 
13651571399 
13950992742 
13669792500 
13297310001 
13818250806 
13564818866 
13465788215 
13815956966 
13810619258 
13915029966 
13672147007 
13857305563 
13434619926 
13661876564 
18695939900 
13810986601 
13709151244 
13918750849 
13705958205 
15693336226 
13701306614 
13881649296 
13140466888 
13965146645 
13775319267 
15216886272 
13910048527 
15539389399 
18768111727 
15172464326 
13921878299 
15523268889 
18678872817 
13431424893 
13123296062 
13843197178 
15189862294 
15950237466 
13570242328 
15061879651 
13567926226 
13908093568 
13983587667 
18627809093 
13681736964 
18742248899 
18042937022 
13227722785 
18359519597 
13764212166 
15685526111 
18602813147 
13357160992 
18755335278 
13761083738 
13355758222 
18753028171 
13917579088 
18668123705 
15004352767 
13428711575 
13976222303 
15941595339 
15093883105 
15818214926 
13071237085 
13015620828 
15913853305 
13885091992 
13816908363 
15843006476 
13026894496 
13761898717 
13847281476 
13810527798 
13701607327 
13439623371 
13651098607 
13697780821 
13163392933 
13909690993 
15995700565 
13425448945 
13774692388 
13586225064 
13550887278 
13862085773 
13114947491 
18764880969 
15882431207 
13012585297 
15017181588 
13062778870 
13913908866 
15022229343 
18680668692 
15935100348 
15855761220 
13590061299 
13426946214 
18940085098 
18922253188 
13890633387 
15000666602 
15051979706 
18677928121 
15698591138 
18668619955 
18604352901 
13006189188 
13581771570 
18252333091 
13916963928 
15828082860 
15160220717 
13877116875 
13976272269 
13755085003 
18999517376 
15994457741 
13788595395 
13867223870 
15820017751 
13541297512 
13852159536 
13758760845 
18857308485 
18783036697 
13839409906 
13788119887 
15823026126 
15312560076 
13277099003 
13636184272 
13517221550 
13788811179 
18011613002 
13459297953 
13048988111 
13936723732 
13852802700 
13313355086 
13425482806 
13709066859 
15706752596 
15618462678 
13999354212 
18235443563 
13510234053 
18570303039 
13560631238 
13410286135 
13559109857 
13532834518 
18735758528 
13856062741 
15037137550 
13997573598 
13478603638 
18688053821 
15976871752 
13973309836 
15105178979 
13122087111 
13667300973 
13651752604 
13328008001 
13928812984 
18601622140 
18671782713 
15815302266 
13681905398 
18611640471 
13971850885 
13814061361 
13196692388 
15755396231 
13708589285 
13917091060 
18368901039 
13906029050 
13812495126 
13989413990 
18610047473 
18906726672 
15987117475 
13982086045 
18611221602 
15008366966 
13482800085 
15888387666 
13636672203 
13616409252 
18661766266 
13910108062 
13781889995 
18815051484 
15214366698 
18101886480 
18362746667 
13719939337 
18602207355 
13860431755 
15204179199 
15522553010 
15961076888 
18683835898 
13971150267 
18601229293 
13701105127 
13824164999 
18910238944 
15868901793 
13439586114 
13632649319 
15077865448 
15802485261 
18927376193 
13914736316 
15288434322 
18627040566 
15686221271 
13400615169 
18660236496 
13665069055 
18751965095 
13962218820 
18857170808 
18215600538 
18657109250 
13639661226 
13723776116 
13913622855 
18787719069 
18650495175 
13609664893 
18773970910 
13636444459 
18626453391 
13965798515 
13632329084 
13970020210 
13862623800 
15358804717 
13771726740 
18655181599 
13842492585 
13633580281 
13773295866 
13738046737 
13981880950 
13901318750 
18906566908 
18450097773 
13718615177 
18042957138 
18717833448 
18914881899 
13616189870 
13807672046 
18606506628 
13314618219 
18651873601 
18604080351 
13974132728 
13518087578 
13516828850 
15820000637 
13905390390 
18857105142 
13187329496 
15940833229 
13757129820 
13974866581 
15041090704 
15255253350 
18810081910 
13661606807 
13605290000 
15968330087 
13867345211 
15241196385 
18084231543 
13579823264 
13508799226 
15281673155 
13867279525 
13689299986 
18767107017 
18380116215 
18601002232 
13571013837 
13511808620 
13521474200 
13888366129 
13907591943 
13706105508 
13512786643 
18801730962 
13551085103 
13907122025 
13478061837 
13515597338 
13981951106 
18231185654 
13610009878 
13621757237 
13917567158 
18616331228 
13902789311 
13738775237 
15979588669 
1581138908 
13359870019 
15145334415 
18502553085 
13608388670 
13120573309 
15197006648 
15914860211 
13766378341 
18997267846 
13818871061 
13752949787 
13777055880 
13575481169 
15902859390 
13922297518 
15889852251 
15102840322 
15836072237 
13810832941 
18055313661 
13607338267 
18817223749 
15818052083 
15279292488 
15202243407 
18689990562 
18919653201 
13376538399 
18012379785 
18971338897 
13950030039 
13952261746 
15071287390 
18267909112 
18359606610 
13518795337 
15903533012 
13926892275 
13855596141 
13616004770 
15858016605 
18611871416 
15868836109 
13914152568 
13501736724 
13796031596 
18616359466 
18612720803 
13438026757 
13970930865 
13995565989 
13767037422 
15111222076 
13706003166 
15549076442 
15045903325 
13860169562 
18604608569 
15999930789 
13925201961 
13921037612 
18692225181 
15210286907 
15852173973 
18116159121 
13668130263 
13660260214 
13370270172 
15968431536 
13916892725 
13313722812 
18124015460 
13156099000 
15951885753 
13851788171 
13507796600 
15935261000 
18909608508 
18651635817 
13122281938 
13820273230 
15157120509 
13776640918 
18625532097 
13920335959 
13905293608 
13669555753 
13917961997 
13615859900 
15851382337 
13907430627 
15312916195 
18646169007 
13913988843 
13918331781 
13091216538 
15102866129 
13556023624 
13707506355 
15810545589 
13720520426 
13512058242 
18013897397 
13506631516 
18622526576 
13808835062 
13521026249 
13940966405 
18205017920 
18052480085 
13666767609 
18677233296 
13504705866 
13918187030 
18811032128 
13907838361 
18632663258 
15800927527 
15105321007 
13778044061 
18858538588 
18970842041 
15046588881 
18889259977 
18772391201 
15823363768 
13500504155 
13559255699 
13950545518 
13894047111 
13705699088 
15051116880 
13862697736 
13711202518 
13898883359 
13992774466 
13221460031 
13952164326 
13140304080 
13921969480 
18225067871 
13939479928 
15904051224 
18367697249 
18717882337 
18326621972 
18982020328 
13799744676 
13438800352 
18610883990 
13626878978 
18267908907 
18086700375 
18801900771 
13785686896 
13728778831 
18809988080 
13609518833 
18211356410 
13661717579 
13305728868 
13550006709 
18616658936 
13502508022 
15913181802 
13817662313 
13622078706 
13820962089 
13964098895 
18312530927 
18729870656 
15313647499 
13999867803 
13811038715 
18680231924 
13722035758 
15507584280 
13714326733 
13873850913 
13831488199 
13559526146 
15951857583 
18859712467 
18817703626 
13601221631 
15205759005 
13521735455 
13968808768 
13891800109 
85808738 
18723804310 
18591930989 
15869152251 
18210597687 
15001196296 
15006578884 
18976115194 
18721180840 
18250850045 
13925605277 
13327888919 
13917306656 
13699982972 
18631565553 
13967035035 
18602836753 
13762253500 
18080362073 
18696810316 
15000675751 
15810562000 
15957431644 
13581806713 
18685919600 
13673164490 
13880871767 
13922253815 
18858249527 
13081965177 
13979379733 
13825769077 
15505551103 
18321430093 
15996271614 
13518179069 
18759586662 
13860323666 
15966674067 
13996548277 
13855392320 
18908574519 
13801976799 
15952099716 
18600988883 
13871100654 
15750718906 
18648487020 
13845153144 
13908928990 
13419870410 
13916203162 
13759179122 
13693368633 
18850308286 
18020766780 
13732639081 
13765165964 
18349251579 
18687561796 
13816451919 
15256058058 
18861809790 
13501281298 
15913503251 
18277225182 
13507020674 
13862976817 
15537603300 
15559160899 
18610902176 
13936886663 
18601007973 
13981222428 
13551346245 
18345110066 
13940953313 
13778822042 
13303315378 
13276015677 
15808041043 
15021337023 
13761568157 
13218802088 
13855647999 
18601285188 
13720139333 
13946515450 
13883871898 
13844900242 
13430101350 
15973317125 
15026402501 
13929568223 
15358493205 
18816580578 
15957159081 
13968178976 
18507311976 
18752431458 
15001212516 
18022130900 
13957962343 
13607253643 
15380954730 
13510337707 
13358660671 
13877237869 
13143684624 
18678510966 
13950647023 
15618596989 
15959650081 
18685165261 
15959115828 
18012369602 
15253618609 
18606915515 
15000626342 
13842894909 
13506668140 
13967334412 
13434122000 
13841636116 
13728149960 
15951106002 
13878849427 
15669523353 
18065744541 
13642694251 
15500300674 
15910960196 
13825319326 
13939099644 
18279581801 
13980098077 
18655535517 
13880167591 
13857471309 
15521061109 
18889678009 
13804602542 
13610003050 
13178630858 
18001982922 
15266557072 
13590251525 
15989188050 
13605173779 
13883677082 
13798981769 
13729108875 
18802525520 
13541207787 
15033507790 
15989842274 
15399752007 
15006002993 
13629275851 
15162551765 
13914920161 
13806062981 
18690313001 
18635093346 
15238380218 
18035035889 
15875539661 
15053521104 
13524989631 
13767144138 
13683799087 
13405730925 
15915881292 
13395146877 
15180419419 
18622207061 
18685769310 
18192829889 
13645198326 
18758461656 
18178352699 
13823572361 
15829922727 
15153577333 
13819198785 
18929428181 
15859669781 
13707138778 
13969811853 
18601239929 
18603723477 
13540920081 
15008452009 
18657110606 
13417022199 
18640104113 
15858823063 
15842638366 
13163982081 
18768528720 
18676248998 
18571561519 
13676789185 
15921595688 
15800962889 
13636716829 
13979447702 
18007154526 
13821215157 
15001062771 
13986070290 
13092936860 
13568509806 
13925828748 
13875225207 
13578239501 
18868631188 
13867304264 
13816946797 
15315039535 
13901181581 
15625128696 
13975126850 
13899806771 
13418499322 
15191480932 
13518808408 
18675890916 
13986666298 
